1 United States 15 15 13 12 12 11 12 10 10 10 9 7 10
2 United Kingdom 14 14 14 12 11 12 8 11 10 10 7 9 10
3 Australia 13 13 15 11 11 12 12 12 9 8 9 5 8
4 Germany 13 14 14 12 11 12 4 12 9 10 7 9 9
5 France 14 14 13 12 11 11 3 11 9 10 9 9 10
6 Japan 14 14 14 12 11 11 3 12 9 9 8 9 10
7 Canada 12 13 15 11 11 12 12 12 8 9 6 6 8
8 Italy 14 13 13 11 10 10 3 11 9 10 10 10 10
9 South Korea 14 13 14 11 12 11 3 12 8 8 7 8 10
10 China 15 15 6 12 12 7 12 6 10 9 7 10 9
11 Spain 12 13 14 11 10 10 3 11 9 10 10 9 10
12 Switzerland 11 12 15 12 12 12 1 12 3 9 8 7 7
13 Netherlands 11 12 15 11 12 11 1 12 8 9 7 8 7
14 Sweden 12 12 15 11 12 12 4 12 7 7 6 7 8
15 Norway 11 11 15 10 12 12 11 12 8 7 6 7 7
16 Denmark 11 11 15 10 12 12 1 11 8 8 7 7 7
17 Taiwan 12 12 14 8 11 9 3 12 7 7 7 5 7
18 Singapore 12 11 12 10 12 11 0 12 10 8 5 4 6
19 New Zealand 8 10 15 9 11 12 3 11 7 7 10 5 7
20 India 14 14 11 10 8 3 10 5 9 8 6 10 10
21 Austria 9 11 14 10 10 9 1 11 3 9 8 8 7
22 Ireland 7 12 15 9 10 12 3 12 7 8 7 7 8
23 Brazil 13 13 11 10 7 6 12 6 9 8 9 6 10
24 Turkey 14 12 8 10 8 7 4 8 10 10 9 10 9
25 Finland 10 10 15 9 12 12 4 11 6 7 6 6 7
26 Russia 15 13 6 10 8 9 12 6 10 4 6 9 8
27 Belgium 9 12 13 10 10 11 1 11 6 8 7 7 7
28 Israel 13 11 12 9 11 10 1 10 7 6 8 9 6
29 United Arab Emirates 10 11 6 11 12 10 11 10 8 9 3 5 7
30 Poland 13 12 12 9 9 10 4 9 7 8 7 8 7
31 Mexico 11 13 10 9 7 6 10 7 8 10 9 10 10
32 Portugal 11 12 13 9 9 9 3 10 7 9 10 8 8
33 Saudi Arabia 12 12 5 10 10 7 12 8 9 8 3 8 7
34 Indonesia 13 13 10 9 6 5 10 5 9 8 7 8 7
35 Greece 12 10 13 8 7 9 4 9 8 10 10 10 8
36 Malaysia 11 11 11 8 9 7 10 8 8 9 7 5 6
37 Chile 10 10 13 8 8 8 9 8 8 7 10 6 7
38 Argentina 11 12 12 8 7 8 9 7 8 8 9 6 9
39 Thailand 12 12 7 8 7 6 6 8 7 9 7 8 9
40 Czech Republic 10 10 13 8 9 10 1 10 3 8 7 7 6
41 South Africa 11 11 12 9 6 5 11 5 8 8 9 6 8
42 Colombia 10 11 11 7 6 6 10 7 7 7 10 7 8
43 Vietnam 12 11 6 7 7 5 6 5 8 8 7 8 7
44 Romania 10 10 11 7 8 8 4 7 7 6 7 7 6
45 Egypt 13 11 7 8 5 3 9 5 10 8 4 10 8
46 Iceland 4 6 15 6 11 12 1 12 7 7 4 6 5
47 Hungary 10 10 11 8 8 9 1 9 3 8 7 7 6
48 Croatia 9 8 11 6 8 8 1 9 6 9 9 7 6
49 Philippines 11 11 11 7 6 5 6 5 7 7 7 5 7
50 Estonia 6 7 13 5 12 11 0 10 6 6 6 6 5
51 Peru 10 10 11 7 6 6 9 6 7 7 8 10 8
52 Uruguay 7 8 14 6 8 8 2 8 6 5 8 5 5
53 Slovakia 9 9 12 6 8 9 1 9 3 6 7 6 5
54 Slovenia 7 8 12 5 9 11 1 10 3 6 8 6 5
55 Morocco 10 9 9 8 6 3 3 5 8 8 8 8 7
56 Lithuania 8 8 13 5 9 9 0 9 6 6 6 6 5
57 Costa Rica 1 8 14 6 7 8 2 8 5 7 10 5 5
58 Cyprus 2 7 13 5 8 10 1 10 6 6 9 7 5
59 Latvia 7 7 12 5 9 9 1 9 6 6 6 6 5
60 Qatar 9 10 7 9 10 7 11 9 6 6 3 5 5
61 Kuwait 8 9 8 7 7 7 11 8 6 4 3 6 5
62 Oman 8 9 7 7 7 7 9 8 8 6 3 6 5
63 Bulgaria 9 9 11 5 8 8 4 7 7 6 7 7 5
64 Serbia 9 8 10 6 6 8 4 7 3 5 7 7 6
65 Iran 13 1 5 0 3 3 12 5 9 2 4 10 7
66 Panama 3 8 11 6 6 4 2 7 10 5 6 5 5
67 Nigeria 11 11 8 7 4 2 11 2 7 5 5 7 9
68 Ukraine 13 9 9 6 6 6 4 6 7 4 6 6 6
69 Jordan 8 7 7 6 5 5 1 6 3 6 4 8 5
70 Kenya 8 9 9 6 6 3 1 3 7 6 6 6 6
71 Bahrain 8 7 6 7 10 7 1 8 6 6 3 6 5
72 Pakistan 13 10 7 7 3 2 3 3 8 2 5 8 6
73 Tunisia 8 7 9 4 5 5 3 5 5 6 8 8 5
74 Ecuador 9 9 10 5 4 4 8 6 6 5 8 7 6
75 Dominican Republic 5 9 11 5 4 4 2 5 5 7 7 6 6
76 Jamaica 2 5 12 3 4 4 2 5 5 7 7 6 9
77 Sri Lanka 9 8 10 4 3 5 1 5 7 6 7 7 5
78 Lebanon 6 8 8 2 3 5 1 6 6 4 8 9 8
79 Algeria 12 10 7 2 1 3 11 5 7 3 4 7 5
80 Georgia 7 6 9 4 5 6 1 6 3 6 6 7 5
81 Malta 2 5 13 3 9 8 0 9 6 6 9 7 5
82 Armenia 7 6 6 4 5 6 1 6 3 4 6 8 5
83 Mauritius 1 5 14 3 5 6 0 6 5 7 7 3 4
84 Kazakhstan 10 10 6 4 5 8 11 6 3 4 5 5 5
85 Bangladesh 11 11 9 5 3 3 3 3 6 2 5 5 6
86 Ghana 6 8 11 4 4 3 7 3 6 5 5 7 6
87 Senegal 5 6 10 4 4 2 3 3 6 5 5 6 6
88 Tanzania 7 8 9 4 1 2 7 2 6 6 6 6 5
89 Bolivia 8 7 10 3 3 4 8 4 2 4 6 7 6
90 Cuba 9 1 6 1 1 6 2 7 7 7 7 6 8
91 El Salvador 4 7 10 2 4 4 2 5 5 4 6 7 5
92 Guatemala 7 9 9 2 3 2 2 4 5 5 6 8 6
93 Honduras 7 7 9 3 3 2 2 4 5 4 6 7 5
94 Paraguay 8 7 9 3 3 4 2 4 2 4 6 5 5
95 Uganda 6 7 9 3 1 2 1 2 2 5 6 5 4
96 Ivory Coast 7 8 8 4 1 1 5 2 6 5 5 5 5
97 Belarus 9 8 6 1 4 9 1 6 1 3 6 6 4
98 Azerbaijan 10 6 6 4 3 5 8 4 3 4 5 5 5
99 Rwanda 2 5 8 3 6 2 1 3 2 5 6 5 4
100 Uzbekistan 10 9 6 2 3 5 8 4 3 4 5 8 5
